1
1
2
2
1
1
1
5
22
2
1
1
7
9
18
1
3
4
5
8
3
1
3
1
1
1
1
12
6
14
175
5
1
18
27
108
8
4
4
16
15
4
9
5
4
6
11
6
3
8
9
31
5
3
11
5
28
9
13
3
3
5
3
92
3
3
2
8
2
3
1
3
3
11
2
2
2
4
14
1
20
4
2
22
2
2
2
4
2
2
24
4
6
2
2
2
14
2
2
10
6
6
2
2
2
4
4
6
2
6
12
2
1
2
8
2
2
2
4
2
2
2
7
2
2
2
11
2
4
2
2
2
2
4
8
2
10
4
2
2
2
2
2
4
6
2
1
4
4
4
3
4
2
6
2
1
6
2
2
7
2
2
4
6
24
4
2
4
5
2
4
2
2
1
4
2
2
4
14
2
6
4
4
10
2
2
4
8
2
2
2
2
15
6
2
4
2
2
2
2
1
6
2
2
2
2
2
6
6
2
2
2
2
2
6
2
2
2
2
2
2
1
4
2
2
2
2
2
2
1
2
2
2
2
2
2
2
2
1
4
2
2
2
2
2
2
2
2
2
2
2
2
2
2
1
4
1
2
5
2
2
6
2
4
2
2
2
6
2
2
4
2
2
2
7
2
2
2
2
2
2
1
2
6
2
1
2
2
2
2
2
6
8
6
6
1
2
2
2
2
2
4
2
2
2
2
4
4
2
2
2
2
2
2
2
2
2
1
2
2
2
2
1
2
2
2
2
2
2
2
2
2
2
2
2
2
2
2
2
4
3
2
2
2
2
2
2
2
2
2
2
2
1
2
2
2
2
2
2
2
13
14
3
1
1
1
1
1
1
1
1
1
1
2
1
2
1
1
1
2
1
1
2
1
{}
